1593500
1245620
1551360
552520
1091500
814380
1196590
1030830
360430
264710
1151640
261550
534380
1817070
271590
1245620
1506830
1343240
1659420
1283400
43110
287700
637650
678960
374320
601150
377160
1174180
1245620
1057090
1608070
633230
1644960
227300
418370
597332
1659040
1475810
1088850
292030
976310
990080
990080
750920
1326470
668580
851850
2050650
2050650
1196590
1196590
814380
1490890
699130
1942660
1222700
242760
227300
255710
238320
645630
271590
418370
990080
997070
227300
1030840
204100
613100
105600
814380
1237970
518790
976310
292030
271590
47780
508440
823130
1465360
1222140
1091500
1235140
413150
261550
255710
292030
814380
627270
289070
485510
47780
1091500
648800
292030
349040
848450
264710
990080
244210
289070
1174180
517630
239140
1222140
1248130
55230
424840
43110
105600
1245620
1326470
756800
1490890
750920
606280
115320
534380
1245620
816020
242050
678950
389730
289070
204100
1151640
2050650
1174180
1091500
550
1593500
1919590
1091500
1174180
377160
1465360
239140
860510
1563180
678950
113200
668580
1174180
1091500
645630
424840
